289.93
289.93
289.93
289.93
289.93
289.93
289.93
289.93
289.93
289.93
289.93
285.64
272.75
251.28
229.8
216.91
199.73
186.85
173.96
165.37
156.78
148.19
139.6
135.3
126.71
122.42
118.12
113.83
109.53
105.23
100.94
96.644
92.349
92.349
88.054
83.758
83.758
79.463
79.463
75.168
75.168
70.872
70.872
66.577
66.577
66.577
62.282
62.282
62.282
57.987
57.987
57.987
53.691
53.691
53.691
53.691
49.396
49.396
49.396
49.396
49.396
45.101
45.101
45.101
45.101
45.101
40.805
40.805
40.805
40.805
40.805
40.805
36.51
36.51
36.51
36.51
36.51
36.51
36.51
36.51
32.215
32.215
32.215
32.215
32.215
32.215
32.215
32.215
32.215
27.919
27.919
27.919
27.919
27.919
27.919
27.919
27.919
27.919
27.919
27.919
