8546.6
10143
11790
13485
15228
17017
18852
20730
22652
24615
26618
28166
28615
27751
26590
26391
25386
24839
24136
23987
23731
23367
22896
23124
22462
22549
22580
22554
22470
22328
22129
21872
21558
22263
21859
21398
22041
21491
22102
21462
22041
21313
21860
21043
21558
22072
21135
21617
22099
21043
21492
21940
20767
21183
21598
22012
20692
21074
21456
21837
22218
20721
21070
21418
21766
22113
20446
20762
21077
21393
21708
22023
20160
20445
20730
21015
21301
21587
21874
22161
20049
20308
20567
20828
21090
21353
21618
21884
22152
19773
20014
20258
20505
20754
21005
21260
21518
21780
22045
22315
