231.32
80.326
-259.29
-815.67
-1608.9
-2647.1
-3922.5
-5407.5
-7070.6
-8883.9
-10796
-12706
-14603
-16488
-18359
-20218
-22063
-23895
-25478
-26718
-27510
-28096
-28483
-29106
-29148
-29500
-29211
-29302
-29866
-29762
-29545
-29891
-30182
-29692
-29849
-29952
-30002
-29998
-29942
-29832
-29670
-30396
-30155
-29861
-30535
-30163
-29738
-30360
-29857
-30453
-29873
-30443
-29785
-30329
-29594
-30114
-30632
-29796
-30290
-29375
-29846
-30316
-29300
-29746
-30193
-30640
-29498
-29922
-30346
-30770
-29503
-29905
-30308
-30711
-29317
-29698
-30079
-30462
-30845
-29299
-29660
-30023
-30386
-30751
-31117
-29390
-29733
-30077
-30423
-30770
-31118
-29202
-29527
-29853
-30179
-30508
-30837
-31168
-31500
-29327
