-10.738
-45.101
-79.463
-113.83
-148.19
-182.55
-216.91
-251.28
-277.05
-294.23
-302.82
-302.82
-302.82
-302.82
-302.82
-302.82
-302.82
-302.82
-298.52
-289.93
-277.05
-264.16
-251.28
-242.68
-229.8
-221.21
-208.32
-199.73
-195.44
-186.85
-178.26
-173.96
-169.66
-161.07
-156.78
-152.48
-148.19
-143.89
-139.6
-135.3
-131.01
-131.01
-126.71
-122.42
-122.42
-118.12
-113.83
-113.83
-109.53
-109.53
-105.23
-105.23
-100.94
-100.94
-96.644
-96.644
-96.644
-92.349
-92.349
-88.054
-88.054
-88.054
-83.758
-83.758
-83.758
-83.758
-79.463
-79.463
-79.463
-79.463
-75.168
-75.168
-75.168
-75.168
-70.872
-70.872
-70.872
-70.872
-70.872
-66.577
-66.577
-66.577
-66.577
-66.577
-66.577
-62.282
-62.282
-62.282
-62.282
-62.282
-62.282
-57.987
-57.987
-57.987
-57.987
-57.987
-57.987
-57.987
-57.987
-53.691
